acc = 0.628158844765343
acc = 0.6498194945848376
acc = 0.6209386281588448
acc = 0.6209386281588448
